PID | OCENA A | OCENA B | OGOLNA OCENA | STATUS
13423 | 84.00 | 90.00 | 87.00 | ZDAL_EGZAMIN_PRZYJETY
13472 | 77.20 | 78.00 | 77.60 | ZDAL_EGZAMIN_PRZYJETY
13397 | 87.20 | 58.67 | 72.94 | ZDAL_EGZAMIN_PRZYJETY
13450 | 57.80 | 85.00 | 71.40 | ZDAL_EGZAMIN_PRZYJETY
13424 | 71.60 | 68.67 | 70.13 | ZDAL_EGZAMIN_PRZYJETY
13493 | 62.00 | 78.00 | 70.00 | ZDAL_EGZAMIN_PRZYJETY
13435 | 87.80 | 51.33 | 69.56 | ZDAL_EGZAMIN_PRZYJETY
13452 | 80.80 | 56.67 | 68.73 | ZDAL_EGZAMIN_PRZYJETY
13384 | 54.20 | 82.00 | 68.10 | ZDAL_EGZAMIN_PRZYJETY
13495 | 56.60 | 78.33 | 67.47 | ZDAL_EGZAMIN_PRZYJETY
13433 | 73.20 | 57.67 | 65.44 | ZDAL_EGZAMIN_PRZYJETY
13404 | 58.40 | 72.00 | 65.20 | ZDAL_EGZAMIN_PRZYJETY
13474 | 60.20 | 69.67 | 64.94 | ZDAL_EGZAMIN_PRZYJETY
13417 | 74.00 | 54.67 | 64.34 | ZDAL_EGZAMIN_PRZYJETY
13447 | 66.60 | 61.33 | 63.96 | ZDAL_EGZAMIN_PRZYJETY
13381 | 73.40 | 51.67 | 62.54 | ZDAL_EGZAMIN_PRZYJETY
13396 | 63.20 | 59.67 | 61.44 | ZDAL_EGZAMIN_PRZYJETY
13457 | 45.80 | 76.33 | 61.06 | ZDAL_EGZAMIN_PRZYJETY
13489 | 53.20 | 68.67 | 60.94 | ZDAL_EGZAMIN_PRZYJETY
13469 | 52.40 | 68.33 | 60.36 | ZDAL_EGZAMIN_PRZYJETY
13453 | 44.20 | 76.33 | 60.27 | ZDAL_EGZAMIN_PRZYJETY
13411 | 70.80 | 49.67 | 60.23 | ZDAL_EGZAMIN_PRZYJETY
13461 | 75.20 | 45.00 | 60.10 | ZDAL_EGZAMIN_PRZYJETY
13445 | 54.80 | 65.00 | 59.90 | ZDAL_EGZAMIN_PRZYJETY
13442 | 63.40 | 55.67 | 59.53 | ZDAL_EGZAMIN_PRZYJETY
13407 | 49.40 | 68.00 | 58.70 | ZDAL_EGZAMIN_PRZYJETY
13464 | 54.00 | 63.33 | 58.66 | ZDAL_EGZAMIN_PRZYJETY
13470 | 37.20 | 79.33 | 58.27 | ZDAL_EGZAMIN_PRZYJETY
13393 | 51.20 | 65.00 | 58.10 | ZDAL_EGZAMIN_PRZYJETY
13441 | 49.80 | 65.67 | 57.73 | ZDAL_EGZAMIN_PRZYJETY
13498 | 52.20 | 62.00 | 57.10 | ZDAL_EGZAMIN_PRZYJETY
13389 | 56.40 | 57.00 | 56.70 | ZDAL_EGZAMIN_PRZYJETY
13458 | 62.40 | 51.00 | 56.70 | ZDAL_EGZAMIN_PRZYJETY
13382 | 37.80 | 74.67 | 56.23 | ZDAL_EGZAMIN_PRZYJETY
13422 | 49.40 | 62.33 | 55.86 | ZDAL_EGZAMIN_PRZYJETY
13430 | 61.20 | 50.33 | 55.77 | ZDAL_EGZAMIN_PRZYJETY
13413 | 36.20 | 75.00 | 55.60 | ZDAL_EGZAMIN_PRZYJETY
13460 | 57.40 | 53.33 | 55.36 | ZDAL_EGZAMIN_PRZYJETY
13502 | 45.00 | 65.33 | 55.16 | ZDAL_EGZAMIN_PRZYJETY
13437 | 43.20 | 66.67 | 54.94 | ZDAL_EGZAMIN_PRZYJETY
13400 | 51.80 | 56.67 | 54.23 | ZDAL_EGZAMIN_PRZYJETY
13499 | 38.20 | 69.00 | 53.60 | ZDAL_EGZAMIN_PRZYJETY
13429 | 77.80 | 29.00 | 53.40 | OBLAL
13386 | 32.60 | 73.67 | 53.14 | ZDAL_EGZAMIN_PRZYJETY
13467 | 53.00 | 53.00 | 53.00 | ZDAL_EGZAMIN_PRZYJETY
13409 | 59.80 | 45.67 | 52.73 | ZDAL_EGZAMIN_PRZYJETY
13380 | 68.60 | 36.00 | 52.30 | ZDAL_EGZAMIN_PRZYJETY
13415 | 63.80 | 40.33 | 52.06 | ZDAL_EGZAMIN_PRZYJETY
13475 | 55.60 | 47.00 | 51.30 | ZDAL_EGZAMIN_PRZYJETY
13476 | 63.80 | 37.67 | 50.73 | ZDAL_EGZAMIN_PRZYJETY
13477 | 59.00 | 42.33 | 50.66 | ZDAL_EGZAMIN_PRZYJETY
13421 | 47.80 | 53.33 | 50.56 | ZDAL_EGZAMIN_PRZYJETY
13405 | 33.00 | 67.33 | 50.16 | ZDAL_EGZAMIN_PRZYJETY
13487 | 58.20 | 42.00 | 50.10 | ZDAL_EGZAMIN_PRZYJETY
13462 | 54.40 | 45.67 | 50.03 | ZDAL_EGZAMIN_PRZYJETY
13398 | 36.20 | 63.00 | 49.60 | ZDAL_EGZAMIN_PRZYJETY
13449 | 40.20 | 58.33 | 49.27 | ZDAL_EGZAMIN_PRZYJETY
13451 | 61.40 | 37.00 | 49.20 | ZDAL_EGZAMIN_PRZYJETY
13446 | 54.00 | 44.33 | 49.16 | ZDAL_EGZAMIN_PRZYJETY
13390 | 43.40 | 54.33 | 48.86 | ZDAL_EGZAMIN_PRZYJETY
13410 | 55.80 | 41.33 | 48.56 | ZDAL_EGZAMIN_PRZYJETY
13533 | 97.00 | 0.00 | 48.50 | OBLAL
13418 | 34.20 | 62.67 | 48.44 | ZDAL_EGZAMIN_PRZYJETY
13482 | 40.80 | 56.00 | 48.40 | ZDAL_EGZAMIN_PRZYJETY
13443 | 55.00 | 41.33 | 48.16 | ZDAL_EGZAMIN_PRZYJETY
13444 | 56.80 | 39.00 | 47.90 | ZDAL_EGZAMIN_PRZYJETY
13485 | 54.60 | 41.00 | 47.80 | ZDAL_EGZAMIN_PRZYJETY
13479 | 41.20 | 54.00 | 47.60 | ZDAL_EGZAMIN_PRZYJETY
13392 | 45.80 | 49.33 | 47.56 | ZDAL_EGZAMIN_PRZYJETY
13385 | 44.60 | 49.67 | 47.14 | ZDAL_EGZAMIN_PRZYJETY
13459 | 44.20 | 50.00 | 47.10 | ZDAL_EGZAMIN_PRZYJETY
13456 | 50.00 | 44.00 | 47.00 | ZDAL_EGZAMIN_PRZYJETY
14075 | 94.00 | 0.00 | 47.00 | OBLAL
13454 | 43.60 | 50.00 | 46.80 | ZDAL_EGZAMIN_PRZYJETY
13425 | 44.00 | 49.33 | 46.66 | ZDAL_EGZAMIN_PRZYJETY
13416 | 62.60 | 30.67 | 46.64 | ZDAL_EGZAMIN_PRZYJETY
13466 | 41.40 | 51.33 | 46.36 | ZDAL_EGZAMIN_PRZYJETY
13439 | 55.60 | 37.00 | 46.30 | ZDAL_EGZAMIN_PRZYJETY
13419 | 49.20 | 43.33 | 46.27 | ZDAL_EGZAMIN_PRZYJETY
13857 | 91.00 | 0.00 | 45.50 | OBLAL
13420 | 60.20 | 29.67 | 44.94 | OBLAL
13395 | 41.00 | 47.67 | 44.34 | ZDAL_EGZAMIN_PRZYJETY
13438 | 44.80 | 43.67 | 44.23 | ZDAL_EGZAMIN_PRZYJETY
13465 | 50.80 | 37.33 | 44.06 | ZDAL_EGZAMIN_PRZYJETY
13471 | 44.80 | 43.00 | 43.90 | ZDAL_EGZAMIN_PRZYJETY
13500 | 62.80 | 25.00 | 43.90 | OBLAL
13388 | 39.20 | 48.33 | 43.77 | ZDAL_EGZAMIN_PRZYJETY
13484 | 34.00 | 53.33 | 43.66 | ZDAL_EGZAMIN_PRZYJETY
13490 | 47.60 | 39.67 | 43.64 | ZDAL_EGZAMIN_PRZYJETY
13383 | 35.40 | 51.67 | 43.53 | ZDAL_EGZAMIN_PRZYJETY
14025 | 87.00 | 0.00 | 43.50 | OBLAL
14636 | 86.00 | 0.00 | 43.00 | OBLAL
13448 | 38.80 | 47.00 | 42.90 | ZDAL_EGZAMIN_PRZYJETY
13494 | 53.60 | 31.67 | 42.64 | ZDAL_EGZAMIN_PRZYJETY
13387 | 56.00 | 28.67 | 42.34 | OBLAL
13497 | 63.80 | 19.33 | 41.56 | OBLAL
13426 | 58.40 | 24.33 | 41.36 | OBLAL
13432 | 56.80 | 25.67 | 41.23 | OBLAL
13402 | 50.20 | 31.67 | 40.94 | ZDAL_EGZAMIN_PRZYJETY
13473 | 43.60 | 37.00 | 40.30 | ZDAL_EGZAMIN_PRZYJETY
13414 | 56.80 | 23.33 | 40.06 | OBLAL
13412 | 42.00 | 38.00 | 40.00 | ZDAL_EGZAMIN_PRZYJETY
13436 | 46.00 | 33.67 | 39.84 | ZDAL_EGZAMIN_PRZYJETY
13440 | 51.60 | 28.00 | 39.80 | OBLAL
13481 | 34.80 | 44.33 | 39.56 | ZDAL_EGZAMIN_PRZYJETY
13483 | 32.00 | 46.00 | 39.00 | ZDAL_EGZAMIN_PRZYJETY
13391 | 63.00 | 14.67 | 38.84 | OBLAL
13486 | 51.20 | 26.00 | 38.60 | OBLAL
13511 | 76.00 | 0.00 | 38.00 | OBLAL
13833 | 76.00 | 0.00 | 38.00 | OBLAL
13798 | 75.00 | 0.00 | 37.50 | OBLAL
13399 | 51.60 | 23.33 | 37.47 | OBLAL
13984 | 74.00 | 0.00 | 37.00 | OBLAL
13478 | 50.80 | 21.67 | 36.23 | OBLAL
13427 | 50.20 | 21.67 | 35.94 | OBLAL
13431 | 30.60 | 41.00 | 35.80 | ZDAL_EGZAMIN_PRZYJETY
13394 | 30.00 | 39.33 | 34.66 | ZDAL_EGZAMIN_PRZYJETY
13455 | 38.20 | 29.67 | 33.94 | OBLAL
13509 | 67.00 | 0.00 | 33.50 | OBLAL
13492 | 42.00 | 24.67 | 33.34 | OBLAL
13480 | 34.40 | 31.67 | 33.03 | ZDAL_EGZAMIN_PRZYJETY
13501 | 53.00 | 13.00 | 33.00 | OBLAL
13496 | 40.60 | 24.67 | 32.64 | OBLAL
14029 | 65.00 | 0.00 | 32.50 | OBLAL
14012 | 64.00 | 0.00 | 32.00 | OBLAL
14700 | 61.00 | 0.00 | 30.50 | OBLAL
14779 | 61.00 | 0.00 | 30.50 | OBLAL
13401 | 44.60 | 16.33 | 30.46 | OBLAL
14621 | 56.00 | 0.00 | 28.00 | OBLAL
14762 | 56.00 | 0.00 | 28.00 | OBLAL
14081 | 54.00 | 0.00 | 27.00 | OBLAL
14750 | 54.00 | 0.00 | 27.00 | OBLAL
14139 | 51.00 | 0.00 | 25.50 | OBLAL
13916 | 42.00 | 0.00 | 21.00 | OBLAL
14412 | 41.00 | 0.00 | 20.50 | OBLAL
13519 | 40.00 | 0.00 | 20.00 | OBLAL
13835 | 36.00 | 0.00 | 18.00 | OBLAL
14013 | 34.00 | 0.00 | 17.00 | OBLAL
13406 | 28.40 | 0.00 | 14.20 | OBLAL
13491 | 27.80 | 0.00 | 13.90 | OBLAL
13434 | 26.60 | 0.00 | 13.30 | OBLAL
13408 | 24.20 | 0.00 | 12.10 | OBLAL
13468 | 23.40 | 0.00 | 11.70 | OBLAL
13403 | 0.00 | 0.00 | 0.00 | BRAK_MATURY
13428 | 0.00 | 0.00 | 0.00 | BRAK_MATURY
13463 | 0.00 | 0.00 | 0.00 | BRAK_MATURY
13488 | 0.00 | 0.00 | 0.00 | BRAK_MATURY
13503 | 0.00 | 0.00 | 0.00 | BRAK_MATURY
13504 | 0.00 | 0.00 | 0.00 | OBLAL
13505 | 0.00 | 0.00 | 0.00 | OBLAL
13506 | 0.00 | 0.00 | 0.00 | OBLAL
13507 | 0.00 | 0.00 | 0.00 | OBLAL
13508 | 0.00 | 0.00 | 0.00 | OBLAL
13510 | 0.00 | 0.00 | 0.00 | OBLAL
13512 | 0.00 | 0.00 | 0.00 | OBLAL
13513 | 0.00 | 0.00 | 0.00 | OBLAL
13514 | 0.00 | 0.00 | 0.00 | OBLAL
13515 | 0.00 | 0.00 | 0.00 | OBLAL
13516 | 0.00 | 0.00 | 0.00 | OBLAL
13517 | 0.00 | 0.00 | 0.00 | BRAK_MATURY
13518 | 0.00 | 0.00 | 0.00 | OBLAL
13520 | 0.00 | 0.00 | 0.00 | OBLAL
13521 | 0.00 | 0.00 | 0.00 | OBLAL
13522 | 0.00 | 0.00 | 0.00 | OBLAL
13523 | 0.00 | 0.00 | 0.00 | OBLAL
13524 | 0.00 | 0.00 | 0.00 | OBLAL
13525 | 0.00 | 0.00 | 0.00 | OBLAL
13526 | 0.00 | 0.00 | 0.00 | OBLAL
13527 | 0.00 | 0.00 | 0.00 | OBLAL
13528 | 0.00 | 0.00 | 0.00 | OBLAL
13529 | 0.00 | 0.00 | 0.00 | OBLAL
13530 | 0.00 | 0.00 | 0.00 | OBLAL
13531 | 0.00 | 0.00 | 0.00 | OBLAL
13532 | 0.00 | 0.00 | 0.00 | OBLAL
13534 | 0.00 | 0.00 | 0.00 | OBLAL
13535 | 0.00 | 0.00 | 0.00 | OBLAL
13536 | 0.00 | 0.00 | 0.00 | OBLAL
13537 | 0.00 | 0.00 | 0.00 | OBLAL
13538 | 0.00 | 0.00 | 0.00 | OBLAL
13539 | 0.00 | 0.00 | 0.00 | OBLAL
13540 | 0.00 | 0.00 | 0.00 | OBLAL
13541 | 0.00 | 0.00 | 0.00 | OBLAL
13542 | 0.00 | 0.00 | 0.00 | OBLAL
13543 | 0.00 | 0.00 | 0.00 | OBLAL
13544 | 0.00 | 0.00 | 0.00 | OBLAL
13545 | 0.00 | 0.00 | 0.00 | OBLAL
13546 | 0.00 | 0.00 | 0.00 | OBLAL
13547 | 0.00 | 0.00 | 0.00 | OBLAL
13548 | 0.00 | 0.00 | 0.00 | OBLAL
13549 | 0.00 | 0.00 | 0.00 | OBLAL
13550 | 0.00 | 0.00 | 0.00 | OBLAL
13551 | 0.00 | 0.00 | 0.00 | OBLAL
13552 | 0.00 | 0.00 | 0.00 | OBLAL
13553 | 0.00 | 0.00 | 0.00 | OBLAL
13554 | 0.00 | 0.00 | 0.00 | OBLAL
13555 | 0.00 | 0.00 | 0.00 | OBLAL
13556 | 0.00 | 0.00 | 0.00 | OBLAL
13557 | 0.00 | 0.00 | 0.00 | OBLAL
13558 | 0.00 | 0.00 | 0.00 | OBLAL
13559 | 0.00 | 0.00 | 0.00 | OBLAL
13560 | 0.00 | 0.00 | 0.00 | OBLAL
13561 | 0.00 | 0.00 | 0.00 | OBLAL
13562 | 0.00 | 0.00 | 0.00 | OBLAL
13563 | 0.00 | 0.00 | 0.00 | OBLAL
13564 | 0.00 | 0.00 | 0.00 | BRAK_MATURY
13565 | 0.00 | 0.00 | 0.00 | OBLAL
13566 | 0.00 | 0.00 | 0.00 | OBLAL
13567 | 0.00 | 0.00 | 0.00 | OBLAL
13568 | 0.00 | 0.00 | 0.00 | OBLAL
13569 | 0.00 | 0.00 | 0.00 | OBLAL
13570 | 0.00 | 0.00 | 0.00 | OBLAL
13571 | 0.00 | 0.00 | 0.00 | OBLAL
13572 | 0.00 | 0.00 | 0.00 | OBLAL
13573 | 0.00 | 0.00 | 0.00 | OBLAL
13574 | 0.00 | 0.00 | 0.00 | OBLAL
13575 | 0.00 | 0.00 | 0.00 | OBLAL
13576 | 0.00 | 0.00 | 0.00 | OBLAL
13577 | 0.00 | 0.00 | 0.00 | OBLAL
13578 | 0.00 | 0.00 | 0.00 | OBLAL
13579 | 0.00 | 0.00 | 0.00 | OBLAL
13580 | 0.00 | 0.00 | 0.00 | OBLAL
13581 | 0.00 | 0.00 | 0.00 | OBLAL
13582 | 0.00 | 0.00 | 0.00 | OBLAL
13583 | 0.00 | 0.00 | 0.00 | OBLAL
13584 | 0.00 | 0.00 | 0.00 | OBLAL
13585 | 0.00 | 0.00 | 0.00 | OBLAL
13586 | 0.00 | 0.00 | 0.00 | OBLAL
13587 | 0.00 | 0.00 | 0.00 | OBLAL
13588 | 0.00 | 0.00 | 0.00 | OBLAL
13589 | 0.00 | 0.00 | 0.00 | OBLAL
13590 | 0.00 | 0.00 | 0.00 | OBLAL
13591 | 0.00 | 0.00 | 0.00 | OBLAL
13592 | 0.00 | 0.00 | 0.00 | OBLAL
13593 | 0.00 | 0.00 | 0.00 | OBLAL
13594 | 0.00 | 0.00 | 0.00 | OBLAL
13595 | 0.00 | 0.00 | 0.00 | OBLAL
13596 | 0.00 | 0.00 | 0.00 | OBLAL
13597 | 0.00 | 0.00 | 0.00 | OBLAL
13598 | 0.00 | 0.00 | 0.00 | OBLAL
13599 | 0.00 | 0.00 | 0.00 | OBLAL
13600 | 0.00 | 0.00 | 0.00 | OBLAL
13601 | 0.00 | 0.00 | 0.00 | OBLAL
13602 | 0.00 | 0.00 | 0.00 | OBLAL
13603 | 0.00 | 0.00 | 0.00 | OBLAL
13604 | 0.00 | 0.00 | 0.00 | OBLAL
13605 | 0.00 | 0.00 | 0.00 | OBLAL
13606 | 0.00 | 0.00 | 0.00 | OBLAL
13607 | 0.00 | 0.00 | 0.00 | OBLAL
13608 | 0.00 | 0.00 | 0.00 | OBLAL
13609 | 0.00 | 0.00 | 0.00 | OBLAL
13610 | 0.00 | 0.00 | 0.00 | OBLAL
13611 | 0.00 | 0.00 | 0.00 | OBLAL
13612 | 0.00 | 0.00 | 0.00 | OBLAL
13613 | 0.00 | 0.00 | 0.00 | OBLAL
13614 | 0.00 | 0.00 | 0.00 | OBLAL
13615 | 0.00 | 0.00 | 0.00 | OBLAL
13616 | 0.00 | 0.00 | 0.00 | OBLAL
13617 | 0.00 | 0.00 | 0.00 | OBLAL
13618 | 0.00 | 0.00 | 0.00 | OBLAL
13619 | 0.00 | 0.00 | 0.00 | OBLAL
13620 | 0.00 | 0.00 | 0.00 | OBLAL
13621 | 0.00 | 0.00 | 0.00 | OBLAL
13622 | 0.00 | 0.00 | 0.00 | OBLAL
13623 | 0.00 | 0.00 | 0.00 | OBLAL
13624 | 0.00 | 0.00 | 0.00 | OBLAL
13625 | 0.00 | 0.00 | 0.00 | OBLAL
13626 | 0.00 | 0.00 | 0.00 | OBLAL
13627 | 0.00 | 0.00 | 0.00 | OBLAL
13628 | 0.00 | 0.00 | 0.00 | BRAK_MATURY
13629 | 0.00 | 0.00 | 0.00 | OBLAL
13630 | 0.00 | 0.00 | 0.00 | OBLAL
13631 | 0.00 | 0.00 | 0.00 | OBLAL
13632 | 0.00 | 0.00 | 0.00 | OBLAL
13633 | 0.00 | 0.00 | 0.00 | OBLAL
13634 | 0.00 | 0.00 | 0.00 | OBLAL
13635 | 0.00 | 0.00 | 0.00 | OBLAL
13636 | 0.00 | 0.00 | 0.00 | OBLAL
13637 | 0.00 | 0.00 | 0.00 | OBLAL
13638 | 0.00 | 0.00 | 0.00 | OBLAL
13639 | 0.00 | 0.00 | 0.00 | OBLAL
13640 | 0.00 | 0.00 | 0.00 | OBLAL
13641 | 0.00 | 0.00 | 0.00 | OBLAL
13642 | 0.00 | 0.00 | 0.00 | OBLAL
13643 | 0.00 | 0.00 | 0.00 | OBLAL
13644 | 0.00 | 0.00 | 0.00 | OBLAL
13645 | 0.00 | 0.00 | 0.00 | OBLAL
13646 | 0.00 | 0.00 | 0.00 | OBLAL
13647 | 0.00 | 0.00 | 0.00 | OBLAL
13648 | 0.00 | 0.00 | 0.00 | OBLAL
13649 | 0.00 | 0.00 | 0.00 | OBLAL
13650 | 0.00 | 0.00 | 0.00 | OBLAL
13651 | 0.00 | 0.00 | 0.00 | OBLAL
13652 | 0.00 | 0.00 | 0.00 | OBLAL
13653 | 0.00 | 0.00 | 0.00 | OBLAL
13654 | 0.00 | 0.00 | 0.00 | OBLAL
13655 | 0.00 | 0.00 | 0.00 | OBLAL
13656 | 0.00 | 0.00 | 0.00 | OBLAL
13657 | 0.00 | 0.00 | 0.00 | OBLAL
13658 | 0.00 | 0.00 | 0.00 | OBLAL
13659 | 0.00 | 0.00 | 0.00 | OBLAL
13660 | 0.00 | 0.00 | 0.00 | OBLAL
13661 | 0.00 | 0.00 | 0.00 | BRAK_MATURY
13662 | 0.00 | 0.00 | 0.00 | OBLAL
13663 | 0.00 | 0.00 | 0.00 | OBLAL
13664 | 0.00 | 0.00 | 0.00 | OBLAL
13665 | 0.00 | 0.00 | 0.00 | OBLAL
13666 | 0.00 | 0.00 | 0.00 | OBLAL
13667 | 0.00 | 0.00 | 0.00 | OBLAL
13668 | 0.00 | 0.00 | 0.00 | OBLAL
13669 | 0.00 | 0.00 | 0.00 | OBLAL
13670 | 0.00 | 0.00 | 0.00 | OBLAL
13671 | 0.00 | 0.00 | 0.00 | OBLAL
13672 | 0.00 | 0.00 | 0.00 | OBLAL
13673 | 0.00 | 0.00 | 0.00 | OBLAL
13674 | 0.00 | 0.00 | 0.00 | OBLAL
13675 | 0.00 | 0.00 | 0.00 | OBLAL
13676 | 0.00 | 0.00 | 0.00 | OBLAL
13677 | 0.00 | 0.00 | 0.00 | OBLAL
13678 | 0.00 | 0.00 | 0.00 | OBLAL
13679 | 0.00 | 0.00 | 0.00 | OBLAL
13680 | 0.00 | 0.00 | 0.00 | OBLAL
13681 | 0.00 | 0.00 | 0.00 | OBLAL
13682 | 0.00 | 0.00 | 0.00 | OBLAL
13683 | 0.00 | 0.00 | 0.00 | OBLAL
13684 | 0.00 | 0.00 | 0.00 | OBLAL
13685 | 0.00 | 0.00 | 0.00 | OBLAL
13686 | 0.00 | 0.00 | 0.00 | OBLAL
13687 | 0.00 | 0.00 | 0.00 | OBLAL
13688 | 0.00 | 0.00 | 0.00 | OBLAL
13689 | 0.00 | 0.00 | 0.00 | OBLAL
13690 | 0.00 | 0.00 | 0.00 | OBLAL
13691 | 0.00 | 0.00 | 0.00 | OBLAL
13692 | 0.00 | 0.00 | 0.00 | OBLAL
13693 | 0.00 | 0.00 | 0.00 | OBLAL
13694 | 0.00 | 0.00 | 0.00 | OBLAL
13695 | 0.00 | 0.00 | 0.00 | OBLAL
13696 | 0.00 | 0.00 | 0.00 | OBLAL
13697 | 0.00 | 0.00 | 0.00 | OBLAL
13698 | 0.00 | 0.00 | 0.00 | OBLAL
13699 | 0.00 | 0.00 | 0.00 | OBLAL
13700 | 0.00 | 0.00 | 0.00 | OBLAL
13701 | 0.00 | 0.00 | 0.00 | OBLAL
13702 | 0.00 | 0.00 | 0.00 | OBLAL
13703 | 0.00 | 0.00 | 0.00 | OBLAL
13704 | 0.00 | 0.00 | 0.00 | OBLAL
13705 | 0.00 | 0.00 | 0.00 | OBLAL
13706 | 0.00 | 0.00 | 0.00 | OBLAL
13707 | 0.00 | 0.00 | 0.00 | OBLAL
13708 | 0.00 | 0.00 | 0.00 | OBLAL
13709 | 0.00 | 0.00 | 0.00 | OBLAL
13710 | 0.00 | 0.00 | 0.00 | OBLAL
13711 | 0.00 | 0.00 | 0.00 | OBLAL
13712 | 0.00 | 0.00 | 0.00 | OBLAL
13713 | 0.00 | 0.00 | 0.00 | OBLAL
13714 | 0.00 | 0.00 | 0.00 | BRAK_MATURY
13715 | 0.00 | 0.00 | 0.00 | OBLAL
13716 | 0.00 | 0.00 | 0.00 | OBLAL
13717 | 0.00 | 0.00 | 0.00 | OBLAL
13718 | 0.00 | 0.00 | 0.00 | OBLAL
13719 | 0.00 | 0.00 | 0.00 | OBLAL
13720 | 0.00 | 0.00 | 0.00 | OBLAL
13721 | 0.00 | 0.00 | 0.00 | OBLAL
13722 | 0.00 | 0.00 | 0.00 | OBLAL
13723 | 0.00 | 0.00 | 0.00 | OBLAL
13724 | 0.00 | 0.00 | 0.00 | OBLAL
13725 | 0.00 | 0.00 | 0.00 | OBLAL
13726 | 0.00 | 0.00 | 0.00 | OBLAL
13727 | 0.00 | 0.00 | 0.00 | OBLAL
13728 | 0.00 | 0.00 | 0.00 | OBLAL
13729 | 0.00 | 0.00 | 0.00 | OBLAL
13730 | 0.00 | 0.00 | 0.00 | OBLAL
13731 | 0.00 | 0.00 | 0.00 | OBLAL
13732 | 0.00 | 0.00 | 0.00 | OBLAL
13733 | 0.00 | 0.00 | 0.00 | OBLAL
13734 | 0.00 | 0.00 | 0.00 | OBLAL
13735 | 0.00 | 0.00 | 0.00 | OBLAL
13736 | 0.00 | 0.00 | 0.00 | OBLAL
13737 | 0.00 | 0.00 | 0.00 | OBLAL
13738 | 0.00 | 0.00 | 0.00 | OBLAL
13739 | 0.00 | 0.00 | 0.00 | OBLAL
13740 | 0.00 | 0.00 | 0.00 | OBLAL
13741 | 0.00 | 0.00 | 0.00 | BRAK_MATURY
13742 | 0.00 | 0.00 | 0.00 | OBLAL
13743 | 0.00 | 0.00 | 0.00 | OBLAL
13744 | 0.00 | 0.00 | 0.00 | OBLAL
13745 | 0.00 | 0.00 | 0.00 | OBLAL
13746 | 0.00 | 0.00 | 0.00 | OBLAL
13747 | 0.00 | 0.00 | 0.00 | OBLAL
13748 | 0.00 | 0.00 | 0.00 | OBLAL
13749 | 0.00 | 0.00 | 0.00 | OBLAL
13750 | 0.00 | 0.00 | 0.00 | OBLAL
13751 | 0.00 | 0.00 | 0.00 | OBLAL
13752 | 0.00 | 0.00 | 0.00 | OBLAL
13753 | 0.00 | 0.00 | 0.00 | OBLAL
13754 | 0.00 | 0.00 | 0.00 | BRAK_MATURY
13755 | 0.00 | 0.00 | 0.00 | OBLAL
13756 | 0.00 | 0.00 | 0.00 | OBLAL
13757 | 0.00 | 0.00 | 0.00 | OBLAL
13758 | 0.00 | 0.00 | 0.00 | OBLAL
13759 | 0.00 | 0.00 | 0.00 | OBLAL
13760 | 0.00 | 0.00 | 0.00 | OBLAL
13761 | 0.00 | 0.00 | 0.00 | OBLAL
13762 | 0.00 | 0.00 | 0.00 | OBLAL
13763 | 0.00 | 0.00 | 0.00 | OBLAL
13764 | 0.00 | 0.00 | 0.00 | OBLAL
13765 | 0.00 | 0.00 | 0.00 | OBLAL
13766 | 0.00 | 0.00 | 0.00 | OBLAL
13767 | 0.00 | 0.00 | 0.00 | OBLAL
13768 | 0.00 | 0.00 | 0.00 | OBLAL
13769 | 0.00 | 0.00 | 0.00 | OBLAL
13770 | 0.00 | 0.00 | 0.00 | OBLAL
13771 | 0.00 | 0.00 | 0.00 | OBLAL
13772 | 0.00 | 0.00 | 0.00 | OBLAL
13773 | 0.00 | 0.00 | 0.00 | OBLAL
13774 | 0.00 | 0.00 | 0.00 | OBLAL
13775 | 0.00 | 0.00 | 0.00 | OBLAL
13776 | 0.00 | 0.00 | 0.00 | OBLAL
13777 | 0.00 | 0.00 | 0.00 | OBLAL
13778 | 0.00 | 0.00 | 0.00 | OBLAL
13779 | 0.00 | 0.00 | 0.00 | OBLAL
13780 | 0.00 | 0.00 | 0.00 | BRAK_MATURY
13781 | 0.00 | 0.00 | 0.00 | OBLAL
13782 | 0.00 | 0.00 | 0.00 | OBLAL
13783 | 0.00 | 0.00 | 0.00 | OBLAL
13784 | 0.00 | 0.00 | 0.00 | OBLAL
13785 | 0.00 | 0.00 | 0.00 | OBLAL
13786 | 0.00 | 0.00 | 0.00 | OBLAL
13787 | 0.00 | 0.00 | 0.00 | OBLAL
13788 | 0.00 | 0.00 | 0.00 | OBLAL
13789 | 0.00 | 0.00 | 0.00 | OBLAL
13790 | 0.00 | 0.00 | 0.00 | OBLAL
13791 | 0.00 | 0.00 | 0.00 | OBLAL
13792 | 0.00 | 0.00 | 0.00 | OBLAL
13793 | 0.00 | 0.00 | 0.00 | OBLAL
13794 | 0.00 | 0.00 | 0.00 | OBLAL
13795 | 0.00 | 0.00 | 0.00 | OBLAL
13796 | 0.00 | 0.00 | 0.00 | OBLAL
13797 | 0.00 | 0.00 | 0.00 | OBLAL
13799 | 0.00 | 0.00 | 0.00 | OBLAL
13800 | 0.00 | 0.00 | 0.00 | OBLAL
13801 | 0.00 | 0.00 | 0.00 | OBLAL
13802 | 0.00 | 0.00 | 0.00 | OBLAL
13803 | 0.00 | 0.00 | 0.00 | OBLAL
13804 | 0.00 | 0.00 | 0.00 | OBLAL
13805 | 0.00 | 0.00 | 0.00 | OBLAL
13806 | 0.00 | 0.00 | 0.00 | OBLAL
13807 | 0.00 | 0.00 | 0.00 | OBLAL
13808 | 0.00 | 0.00 | 0.00 | OBLAL
13809 | 0.00 | 0.00 | 0.00 | OBLAL
13810 | 0.00 | 0.00 | 0.00 | OBLAL
13811 | 0.00 | 0.00 | 0.00 | OBLAL
13812 | 0.00 | 0.00 | 0.00 | OBLAL
13813 | 0.00 | 0.00 | 0.00 | OBLAL
13814 | 0.00 | 0.00 | 0.00 | OBLAL
13815 | 0.00 | 0.00 | 0.00 | OBLAL
13816 | 0.00 | 0.00 | 0.00 | OBLAL
13817 | 0.00 | 0.00 | 0.00 | OBLAL
13818 | 0.00 | 0.00 | 0.00 | OBLAL
13819 | 0.00 | 0.00 | 0.00 | OBLAL
13820 | 0.00 | 0.00 | 0.00 | OBLAL
13821 | 0.00 | 0.00 | 0.00 | OBLAL
13822 | 0.00 | 0.00 | 0.00 | OBLAL
13823 | 0.00 | 0.00 | 0.00 | OBLAL
13824 | 0.00 | 0.00 | 0.00 | OBLAL
13825 | 0.00 | 0.00 | 0.00 | OBLAL
13826 | 0.00 | 0.00 | 0.00 | OBLAL
13827 | 0.00 | 0.00 | 0.00 | OBLAL
13828 | 0.00 | 0.00 | 0.00 | OBLAL
13829 | 0.00 | 0.00 | 0.00 | OBLAL
13830 | 0.00 | 0.00 | 0.00 | OBLAL
13831 | 0.00 | 0.00 | 0.00 | OBLAL
13832 | 0.00 | 0.00 | 0.00 | OBLAL
13834 | 0.00 | 0.00 | 0.00 | OBLAL
13836 | 0.00 | 0.00 | 0.00 | OBLAL
13837 | 0.00 | 0.00 | 0.00 | OBLAL
13838 | 0.00 | 0.00 | 0.00 | OBLAL
13839 | 0.00 | 0.00 | 0.00 | OBLAL
13840 | 0.00 | 0.00 | 0.00 | OBLAL
13841 | 0.00 | 0.00 | 0.00 | OBLAL
13842 | 0.00 | 0.00 | 0.00 | OBLAL
13843 | 0.00 | 0.00 | 0.00 | OBLAL
13844 | 0.00 | 0.00 | 0.00 | OBLAL
13845 | 0.00 | 0.00 | 0.00 | OBLAL
13846 | 0.00 | 0.00 | 0.00 | OBLAL
13847 | 0.00 | 0.00 | 0.00 | OBLAL
13848 | 0.00 | 0.00 | 0.00 | OBLAL
13849 | 0.00 | 0.00 | 0.00 | OBLAL
13850 | 0.00 | 0.00 | 0.00 | OBLAL
13851 | 0.00 | 0.00 | 0.00 | OBLAL
13852 | 0.00 | 0.00 | 0.00 | OBLAL
13853 | 0.00 | 0.00 | 0.00 | OBLAL
13854 | 0.00 | 0.00 | 0.00 | OBLAL
13855 | 0.00 | 0.00 | 0.00 | OBLAL
13856 | 0.00 | 0.00 | 0.00 | OBLAL
13858 | 0.00 | 0.00 | 0.00 | OBLAL
13859 | 0.00 | 0.00 | 0.00 | OBLAL
13860 | 0.00 | 0.00 | 0.00 | OBLAL
13861 | 0.00 | 0.00 | 0.00 | OBLAL
13862 | 0.00 | 0.00 | 0.00 | OBLAL
13863 | 0.00 | 0.00 | 0.00 | OBLAL
13864 | 0.00 | 0.00 | 0.00 | OBLAL
13865 | 0.00 | 0.00 | 0.00 | OBLAL
13866 | 0.00 | 0.00 | 0.00 | OBLAL
13867 | 0.00 | 0.00 | 0.00 | OBLAL
13868 | 0.00 | 0.00 | 0.00 | OBLAL
13869 | 0.00 | 0.00 | 0.00 | OBLAL
13870 | 0.00 | 0.00 | 0.00 | OBLAL
13871 | 0.00 | 0.00 | 0.00 | OBLAL
13872 | 0.00 | 0.00 | 0.00 | OBLAL
13873 | 0.00 | 0.00 | 0.00 | OBLAL
13874 | 0.00 | 0.00 | 0.00 | OBLAL
13875 | 0.00 | 0.00 | 0.00 | OBLAL
13876 | 0.00 | 0.00 | 0.00 | OBLAL
13877 | 0.00 | 0.00 | 0.00 | OBLAL
13878 | 0.00 | 0.00 | 0.00 | OBLAL
13879 | 0.00 | 0.00 | 0.00 | OBLAL
13880 | 0.00 | 0.00 | 0.00 | OBLAL
13881 | 0.00 | 0.00 | 0.00 | OBLAL
13882 | 0.00 | 0.00 | 0.00 | OBLAL
13883 | 0.00 | 0.00 | 0.00 | OBLAL
13884 | 0.00 | 0.00 | 0.00 | OBLAL
13885 | 0.00 | 0.00 | 0.00 | OBLAL
13886 | 0.00 | 0.00 | 0.00 | OBLAL
13887 | 0.00 | 0.00 | 0.00 | OBLAL
13888 | 0.00 | 0.00 | 0.00 | OBLAL
13889 | 0.00 | 0.00 | 0.00 | OBLAL
13890 | 0.00 | 0.00 | 0.00 | OBLAL
13891 | 0.00 | 0.00 | 0.00 | OBLAL
13892 | 0.00 | 0.00 | 0.00 | OBLAL
13893 | 0.00 | 0.00 | 0.00 | OBLAL
13894 | 0.00 | 0.00 | 0.00 | OBLAL
13895 | 0.00 | 0.00 | 0.00 | OBLAL
13896 | 0.00 | 0.00 | 0.00 | OBLAL
13897 | 0.00 | 0.00 | 0.00 | OBLAL
13898 | 0.00 | 0.00 | 0.00 | OBLAL
13899 | 0.00 | 0.00 | 0.00 | OBLAL
13900 | 0.00 | 0.00 | 0.00 | OBLAL
13901 | 0.00 | 0.00 | 0.00 | OBLAL
13902 | 0.00 | 0.00 | 0.00 | OBLAL
13903 | 0.00 | 0.00 | 0.00 | OBLAL
13904 | 0.00 | 0.00 | 0.00 | OBLAL
13905 | 0.00 | 0.00 | 0.00 | OBLAL
13906 | 0.00 | 0.00 | 0.00 | OBLAL
13907 | 0.00 | 0.00 | 0.00 | OBLAL
13908 | 0.00 | 0.00 | 0.00 | OBLAL
13909 | 0.00 | 0.00 | 0.00 | OBLAL
13910 | 0.00 | 0.00 | 0.00 | OBLAL
13911 | 0.00 | 0.00 | 0.00 | OBLAL
13912 | 0.00 | 0.00 | 0.00 | OBLAL
13913 | 0.00 | 0.00 | 0.00 | OBLAL
13914 | 0.00 | 0.00 | 0.00 | OBLAL
13915 | 0.00 | 0.00 | 0.00 | OBLAL
13917 | 0.00 | 0.00 | 0.00 | OBLAL
13918 | 0.00 | 0.00 | 0.00 | OBLAL
13919 | 0.00 | 0.00 | 0.00 | OBLAL
13920 | 0.00 | 0.00 | 0.00 | OBLAL
13921 | 0.00 | 0.00 | 0.00 | OBLAL
13922 | 0.00 | 0.00 | 0.00 | OBLAL
13923 | 0.00 | 0.00 | 0.00 | OBLAL
13924 | 0.00 | 0.00 | 0.00 | OBLAL
13925 | 0.00 | 0.00 | 0.00 | OBLAL
13926 | 0.00 | 0.00 | 0.00 | OBLAL
13927 | 0.00 | 0.00 | 0.00 | BRAK_MATURY
13928 | 0.00 | 0.00 | 0.00 | OBLAL
13929 | 0.00 | 0.00 | 0.00 | OBLAL
13930 | 0.00 | 0.00 | 0.00 | OBLAL
13931 | 0.00 | 0.00 | 0.00 | OBLAL
13932 | 0.00 | 0.00 | 0.00 | OBLAL
13933 | 0.00 | 0.00 | 0.00 | OBLAL
13934 | 0.00 | 0.00 | 0.00 | OBLAL
13935 | 0.00 | 0.00 | 0.00 | OBLAL
13936 | 0.00 | 0.00 | 0.00 | OBLAL
13937 | 0.00 | 0.00 | 0.00 | OBLAL
13938 | 0.00 | 0.00 | 0.00 | OBLAL
13939 | 0.00 | 0.00 | 0.00 | OBLAL
13940 | 0.00 | 0.00 | 0.00 | OBLAL
13941 | 0.00 | 0.00 | 0.00 | OBLAL
13942 | 0.00 | 0.00 | 0.00 | OBLAL
13943 | 0.00 | 0.00 | 0.00 | OBLAL
13944 | 0.00 | 0.00 | 0.00 | OBLAL
13945 | 0.00 | 0.00 | 0.00 | OBLAL
13946 | 0.00 | 0.00 | 0.00 | OBLAL
13947 | 0.00 | 0.00 | 0.00 | OBLAL
13948 | 0.00 | 0.00 | 0.00 | OBLAL
13949 | 0.00 | 0.00 | 0.00 | OBLAL
13950 | 0.00 | 0.00 | 0.00 | OBLAL
13951 | 0.00 | 0.00 | 0.00 | OBLAL
13952 | 0.00 | 0.00 | 0.00 | OBLAL
13953 | 0.00 | 0.00 | 0.00 | OBLAL
13954 | 0.00 | 0.00 | 0.00 | OBLAL
13955 | 0.00 | 0.00 | 0.00 | OBLAL
13956 | 0.00 | 0.00 | 0.00 | OBLAL
13957 | 0.00 | 0.00 | 0.00 | OBLAL
13958 | 0.00 | 0.00 | 0.00 | OBLAL
13959 | 0.00 | 0.00 | 0.00 | OBLAL
13960 | 0.00 | 0.00 | 0.00 | OBLAL
13961 | 0.00 | 0.00 | 0.00 | OBLAL
13962 | 0.00 | 0.00 | 0.00 | OBLAL
13963 | 0.00 | 0.00 | 0.00 | OBLAL
13964 | 0.00 | 0.00 | 0.00 | OBLAL
13965 | 0.00 | 0.00 | 0.00 | OBLAL
13966 | 0.00 | 0.00 | 0.00 | OBLAL
13967 | 0.00 | 0.00 | 0.00 | OBLAL
13968 | 0.00 | 0.00 | 0.00 | OBLAL
13969 | 0.00 | 0.00 | 0.00 | OBLAL
13970 | 0.00 | 0.00 | 0.00 | OBLAL
13971 | 0.00 | 0.00 | 0.00 | BRAK_MATURY
13972 | 0.00 | 0.00 | 0.00 | OBLAL
13973 | 0.00 | 0.00 | 0.00 | OBLAL
13974 | 0.00 | 0.00 | 0.00 | OBLAL
13975 | 0.00 | 0.00 | 0.00 | OBLAL
13976 | 0.00 | 0.00 | 0.00 | OBLAL
13977 | 0.00 | 0.00 | 0.00 | OBLAL
13978 | 0.00 | 0.00 | 0.00 | OBLAL
13979 | 0.00 | 0.00 | 0.00 | OBLAL
13980 | 0.00 | 0.00 | 0.00 | OBLAL
13981 | 0.00 | 0.00 | 0.00 | OBLAL
13982 | 0.00 | 0.00 | 0.00 | OBLAL
13983 | 0.00 | 0.00 | 0.00 | OBLAL
13985 | 0.00 | 0.00 | 0.00 | OBLAL
13986 | 0.00 | 0.00 | 0.00 | OBLAL
13987 | 0.00 | 0.00 | 0.00 | OBLAL
13988 | 0.00 | 0.00 | 0.00 | OBLAL
13989 | 0.00 | 0.00 | 0.00 | OBLAL
13991 | 0.00 | 0.00 | 0.00 | OBLAL
13992 | 0.00 | 0.00 | 0.00 | OBLAL
13993 | 0.00 | 0.00 | 0.00 | OBLAL
13994 | 0.00 | 0.00 | 0.00 | OBLAL
13995 | 0.00 | 0.00 | 0.00 | OBLAL
13996 | 0.00 | 0.00 | 0.00 | OBLAL
13997 | 0.00 | 0.00 | 0.00 | OBLAL
13998 | 0.00 | 0.00 | 0.00 | OBLAL
13999 | 0.00 | 0.00 | 0.00 | OBLAL
14000 | 0.00 | 0.00 | 0.00 | OBLAL
14003 | 0.00 | 0.00 | 0.00 | OBLAL
14004 | 0.00 | 0.00 | 0.00 | OBLAL
14005 | 0.00 | 0.00 | 0.00 | BRAK_MATURY
14006 | 0.00 | 0.00 | 0.00 | OBLAL
14007 | 0.00 | 0.00 | 0.00 | OBLAL
14008 | 0.00 | 0.00 | 0.00 | OBLAL
14009 | 0.00 | 0.00 | 0.00 | OBLAL
14010 | 0.00 | 0.00 | 0.00 | OBLAL
14011 | 0.00 | 0.00 | 0.00 | OBLAL
14014 | 0.00 | 0.00 | 0.00 | OBLAL
14015 | 0.00 | 0.00 | 0.00 | OBLAL
14016 | 0.00 | 0.00 | 0.00 | OBLAL
14017 | 0.00 | 0.00 | 0.00 | OBLAL
14018 | 0.00 | 0.00 | 0.00 | OBLAL
14019 | 0.00 | 0.00 | 0.00 | OBLAL
14020 | 0.00 | 0.00 | 0.00 | OBLAL
14021 | 0.00 | 0.00 | 0.00 | OBLAL
14022 | 0.00 | 0.00 | 0.00 | OBLAL
14023 | 0.00 | 0.00 | 0.00 | OBLAL
14024 | 0.00 | 0.00 | 0.00 | OBLAL
14026 | 0.00 | 0.00 | 0.00 | OBLAL
14027 | 0.00 | 0.00 | 0.00 | OBLAL
14028 | 0.00 | 0.00 | 0.00 | OBLAL
14030 | 0.00 | 0.00 | 0.00 | OBLAL
14031 | 0.00 | 0.00 | 0.00 | OBLAL
14032 | 0.00 | 0.00 | 0.00 | OBLAL
14033 | 0.00 | 0.00 | 0.00 | OBLAL
14034 | 0.00 | 0.00 | 0.00 | OBLAL
14035 | 0.00 | 0.00 | 0.00 | OBLAL
14036 | 0.00 | 0.00 | 0.00 | OBLAL
14037 | 0.00 | 0.00 | 0.00 | OBLAL
14038 | 0.00 | 0.00 | 0.00 | OBLAL
14039 | 0.00 | 0.00 | 0.00 | OBLAL
14040 | 0.00 | 0.00 | 0.00 | OBLAL
14041 | 0.00 | 0.00 | 0.00 | OBLAL
14042 | 0.00 | 0.00 | 0.00 | OBLAL
14043 | 0.00 | 0.00 | 0.00 | OBLAL
14044 | 0.00 | 0.00 | 0.00 | OBLAL
14045 | 0.00 | 0.00 | 0.00 | OBLAL
14046 | 0.00 | 0.00 | 0.00 | OBLAL
14047 | 0.00 | 0.00 | 0.00 | OBLAL
14048 | 0.00 | 0.00 | 0.00 | OBLAL
14049 | 0.00 | 0.00 | 0.00 | OBLAL
14050 | 0.00 | 0.00 | 0.00 | OBLAL
14051 | 0.00 | 0.00 | 0.00 | OBLAL
14052 | 0.00 | 0.00 | 0.00 | OBLAL
14053 | 0.00 | 0.00 | 0.00 | OBLAL
14054 | 0.00 | 0.00 | 0.00 | OBLAL
14055 | 0.00 | 0.00 | 0.00 | OBLAL
14056 | 0.00 | 0.00 | 0.00 | OBLAL
14057 | 0.00 | 0.00 | 0.00 | OBLAL
14058 | 0.00 | 0.00 | 0.00 | OBLAL
14059 | 0.00 | 0.00 | 0.00 | OBLAL
14060 | 0.00 | 0.00 | 0.00 | OBLAL
14061 | 0.00 | 0.00 | 0.00 | OBLAL
14062 | 0.00 | 0.00 | 0.00 | OBLAL
14063 | 0.00 | 0.00 | 0.00 | OBLAL
14064 | 0.00 | 0.00 | 0.00 | OBLAL
14065 | 0.00 | 0.00 | 0.00 | OBLAL
14066 | 0.00 | 0.00 | 0.00 | OBLAL
14067 | 0.00 | 0.00 | 0.00 | OBLAL
14068 | 0.00 | 0.00 | 0.00 | OBLAL
14069 | 0.00 | 0.00 | 0.00 | OBLAL
14070 | 0.00 | 0.00 | 0.00 | OBLAL
14076 | 0.00 | 0.00 | 0.00 | OBLAL
14077 | 0.00 | 0.00 | 0.00 | OBLAL
14078 | 0.00 | 0.00 | 0.00 | OBLAL
14079 | 0.00 | 0.00 | 0.00 | OBLAL
14080 | 0.00 | 0.00 | 0.00 | OBLAL
14082 | 0.00 | 0.00 | 0.00 | OBLAL
14083 | 0.00 | 0.00 | 0.00 | OBLAL
14084 | 0.00 | 0.00 | 0.00 | OBLAL
14085 | 0.00 | 0.00 | 0.00 | OBLAL
14086 | 0.00 | 0.00 | 0.00 | OBLAL
14087 | 0.00 | 0.00 | 0.00 | BRAK_MATURY
14088 | 0.00 | 0.00 | 0.00 | OBLAL
14089 | 0.00 | 0.00 | 0.00 | OBLAL
14090 | 0.00 | 0.00 | 0.00 | OBLAL
14091 | 0.00 | 0.00 | 0.00 | OBLAL
14092 | 0.00 | 0.00 | 0.00 | OBLAL
14093 | 0.00 | 0.00 | 0.00 | OBLAL
14094 | 0.00 | 0.00 | 0.00 | OBLAL
14095 | 0.00 | 0.00 | 0.00 | OBLAL
14096 | 0.00 | 0.00 | 0.00 | OBLAL
14097 | 0.00 | 0.00 | 0.00 | OBLAL
14098 | 0.00 | 0.00 | 0.00 | OBLAL
14099 | 0.00 | 0.00 | 0.00 | OBLAL
14100 | 0.00 | 0.00 | 0.00 | OBLAL
14101 | 0.00 | 0.00 | 0.00 | OBLAL
14102 | 0.00 | 0.00 | 0.00 | OBLAL
14103 | 0.00 | 0.00 | 0.00 | OBLAL
14104 | 0.00 | 0.00 | 0.00 | OBLAL
14105 | 0.00 | 0.00 | 0.00 | OBLAL
14106 | 0.00 | 0.00 | 0.00 | OBLAL
14107 | 0.00 | 0.00 | 0.00 | OBLAL
14108 | 0.00 | 0.00 | 0.00 | OBLAL
14109 | 0.00 | 0.00 | 0.00 | OBLAL
14110 | 0.00 | 0.00 | 0.00 | OBLAL
14111 | 0.00 | 0.00 | 0.00 | OBLAL
14112 | 0.00 | 0.00 | 0.00 | OBLAL
14113 | 0.00 | 0.00 | 0.00 | OBLAL
14114 | 0.00 | 0.00 | 0.00 | OBLAL
14115 | 0.00 | 0.00 | 0.00 | OBLAL
14116 | 0.00 | 0.00 | 0.00 | OBLAL
14117 | 0.00 | 0.00 | 0.00 | OBLAL
14118 | 0.00 | 0.00 | 0.00 | OBLAL
14119 | 0.00 | 0.00 | 0.00 | OBLAL
14120 | 0.00 | 0.00 | 0.00 | OBLAL
14121 | 0.00 | 0.00 | 0.00 | OBLAL
14122 | 0.00 | 0.00 | 0.00 | OBLAL
14123 | 0.00 | 0.00 | 0.00 | OBLAL
14124 | 0.00 | 0.00 | 0.00 | OBLAL
14125 | 0.00 | 0.00 | 0.00 | OBLAL
14126 | 0.00 | 0.00 | 0.00 | OBLAL
14127 | 0.00 | 0.00 | 0.00 | OBLAL
14128 | 0.00 | 0.00 | 0.00 | OBLAL
14129 | 0.00 | 0.00 | 0.00 | OBLAL
14130 | 0.00 | 0.00 | 0.00 | OBLAL
14131 | 0.00 | 0.00 | 0.00 | OBLAL
14132 | 0.00 | 0.00 | 0.00 | OBLAL
14133 | 0.00 | 0.00 | 0.00 | OBLAL
14134 | 0.00 | 0.00 | 0.00 | OBLAL
14135 | 0.00 | 0.00 | 0.00 | OBLAL
14136 | 0.00 | 0.00 | 0.00 | OBLAL
14137 | 0.00 | 0.00 | 0.00 | OBLAL
14138 | 0.00 | 0.00 | 0.00 | OBLAL
14140 | 0.00 | 0.00 | 0.00 | OBLAL
14141 | 0.00 | 0.00 | 0.00 | OBLAL
14142 | 0.00 | 0.00 | 0.00 | OBLAL
14143 | 0.00 | 0.00 | 0.00 | OBLAL
14144 | 0.00 | 0.00 | 0.00 | BRAK_MATURY
14145 | 0.00 | 0.00 | 0.00 | OBLAL
14146 | 0.00 | 0.00 | 0.00 | OBLAL
14147 | 0.00 | 0.00 | 0.00 | OBLAL
14148 | 0.00 | 0.00 | 0.00 | OBLAL
14149 | 0.00 | 0.00 | 0.00 | OBLAL
14150 | 0.00 | 0.00 | 0.00 | OBLAL
14151 | 0.00 | 0.00 | 0.00 | OBLAL
14152 | 0.00 | 0.00 | 0.00 | OBLAL
14153 | 0.00 | 0.00 | 0.00 | OBLAL
14154 | 0.00 | 0.00 | 0.00 | OBLAL
14155 | 0.00 | 0.00 | 0.00 | OBLAL
14156 | 0.00 | 0.00 | 0.00 | OBLAL
14158 | 0.00 | 0.00 | 0.00 | OBLAL
14159 | 0.00 | 0.00 | 0.00 | OBLAL
14161 | 0.00 | 0.00 | 0.00 | OBLAL
14162 | 0.00 | 0.00 | 0.00 | OBLAL
14163 | 0.00 | 0.00 | 0.00 | OBLAL
14164 | 0.00 | 0.00 | 0.00 | BRAK_MATURY
14166 | 0.00 | 0.00 | 0.00 | OBLAL
14167 | 0.00 | 0.00 | 0.00 | OBLAL
14168 | 0.00 | 0.00 | 0.00 | OBLAL
14170 | 0.00 | 0.00 | 0.00 | OBLAL
14171 | 0.00 | 0.00 | 0.00 | OBLAL
14172 | 0.00 | 0.00 | 0.00 | OBLAL
14174 | 0.00 | 0.00 | 0.00 | OBLAL
14175 | 0.00 | 0.00 | 0.00 | OBLAL
14177 | 0.00 | 0.00 | 0.00 | OBLAL
14178 | 0.00 | 0.00 | 0.00 | OBLAL
14179 | 0.00 | 0.00 | 0.00 | OBLAL
14181 | 0.00 | 0.00 | 0.00 | OBLAL
14182 | 0.00 | 0.00 | 0.00 | OBLAL
14184 | 0.00 | 0.00 | 0.00 | OBLAL
14185 | 0.00 | 0.00 | 0.00 | OBLAL
14187 | 0.00 | 0.00 | 0.00 | OBLAL
14188 | 0.00 | 0.00 | 0.00 | OBLAL
14189 | 0.00 | 0.00 | 0.00 | OBLAL
14191 | 0.00 | 0.00 | 0.00 | OBLAL
14192 | 0.00 | 0.00 | 0.00 | OBLAL
14194 | 0.00 | 0.00 | 0.00 | OBLAL
14195 | 0.00 | 0.00 | 0.00 | OBLAL
14197 | 0.00 | 0.00 | 0.00 | OBLAL
14198 | 0.00 | 0.00 | 0.00 | OBLAL
14200 | 0.00 | 0.00 | 0.00 | OBLAL
14202 | 0.00 | 0.00 | 0.00 | OBLAL
14203 | 0.00 | 0.00 | 0.00 | OBLAL
14205 | 0.00 | 0.00 | 0.00 | OBLAL
14206 | 0.00 | 0.00 | 0.00 | OBLAL
14207 | 0.00 | 0.00 | 0.00 | OBLAL
14209 | 0.00 | 0.00 | 0.00 | OBLAL
14210 | 0.00 | 0.00 | 0.00 | OBLAL
14212 | 0.00 | 0.00 | 0.00 | OBLAL
14214 | 0.00 | 0.00 | 0.00 | OBLAL
14215 | 0.00 | 0.00 | 0.00 | OBLAL
14216 | 0.00 | 0.00 | 0.00 | OBLAL
14218 | 0.00 | 0.00 | 0.00 | OBLAL
14219 | 0.00 | 0.00 | 0.00 | OBLAL
14221 | 0.00 | 0.00 | 0.00 | OBLAL
14222 | 0.00 | 0.00 | 0.00 | OBLAL
14224 | 0.00 | 0.00 | 0.00 | OBLAL
14225 | 0.00 | 0.00 | 0.00 | OBLAL
14227 | 0.00 | 0.00 | 0.00 | OBLAL
14228 | 0.00 | 0.00 | 0.00 | OBLAL
14230 | 0.00 | 0.00 | 0.00 | OBLAL
14231 | 0.00 | 0.00 | 0.00 | OBLAL
14233 | 0.00 | 0.00 | 0.00 | OBLAL
14234 | 0.00 | 0.00 | 0.00 | OBLAL
14235 | 0.00 | 0.00 | 0.00 | OBLAL
14237 | 0.00 | 0.00 | 0.00 | OBLAL
14239 | 0.00 | 0.00 | 0.00 | OBLAL
14240 | 0.00 | 0.00 | 0.00 | OBLAL
14242 | 0.00 | 0.00 | 0.00 | OBLAL
14243 | 0.00 | 0.00 | 0.00 | OBLAL
14244 | 0.00 | 0.00 | 0.00 | OBLAL
14245 | 0.00 | 0.00 | 0.00 | OBLAL
14246 | 0.00 | 0.00 | 0.00 | OBLAL
14247 | 0.00 | 0.00 | 0.00 | OBLAL
14249 | 0.00 | 0.00 | 0.00 | OBLAL
14250 | 0.00 | 0.00 | 0.00 | OBLAL
14252 | 0.00 | 0.00 | 0.00 | OBLAL
14253 | 0.00 | 0.00 | 0.00 | OBLAL
14254 | 0.00 | 0.00 | 0.00 | OBLAL
14256 | 0.00 | 0.00 | 0.00 | OBLAL
14257 | 0.00 | 0.00 | 0.00 | OBLAL
14259 | 0.00 | 0.00 | 0.00 | OBLAL
14260 | 0.00 | 0.00 | 0.00 | OBLAL
14262 | 0.00 | 0.00 | 0.00 | OBLAL
14264 | 0.00 | 0.00 | 0.00 | OBLAL
14265 | 0.00 | 0.00 | 0.00 | OBLAL
14266 | 0.00 | 0.00 | 0.00 | OBLAL
14268 | 0.00 | 0.00 | 0.00 | OBLAL
14269 | 0.00 | 0.00 | 0.00 | OBLAL
14271 | 0.00 | 0.00 | 0.00 | OBLAL
14273 | 0.00 | 0.00 | 0.00 | OBLAL
14274 | 0.00 | 0.00 | 0.00 | OBLAL
14276 | 0.00 | 0.00 | 0.00 | OBLAL
14277 | 0.00 | 0.00 | 0.00 | OBLAL
14279 | 0.00 | 0.00 | 0.00 | OBLAL
14280 | 0.00 | 0.00 | 0.00 | OBLAL
14281 | 0.00 | 0.00 | 0.00 | OBLAL
14283 | 0.00 | 0.00 | 0.00 | OBLAL
14284 | 0.00 | 0.00 | 0.00 | BRAK_MATURY
14286 | 0.00 | 0.00 | 0.00 | OBLAL
14287 | 0.00 | 0.00 | 0.00 | OBLAL
14289 | 0.00 | 0.00 | 0.00 | OBLAL
14290 | 0.00 | 0.00 | 0.00 | OBLAL
14292 | 0.00 | 0.00 | 0.00 | OBLAL
14293 | 0.00 | 0.00 | 0.00 | OBLAL
14295 | 0.00 | 0.00 | 0.00 | OBLAL
14297 | 0.00 | 0.00 | 0.00 | OBLAL
14298 | 0.00 | 0.00 | 0.00 | OBLAL
14299 | 0.00 | 0.00 | 0.00 | OBLAL
14301 | 0.00 | 0.00 | 0.00 | OBLAL
14302 | 0.00 | 0.00 | 0.00 | OBLAL
14303 | 0.00 | 0.00 | 0.00 | OBLAL
14305 | 0.00 | 0.00 | 0.00 | OBLAL
14307 | 0.00 | 0.00 | 0.00 | OBLAL
14308 | 0.00 | 0.00 | 0.00 | OBLAL
14310 | 0.00 | 0.00 | 0.00 | OBLAL
14311 | 0.00 | 0.00 | 0.00 | OBLAL
14324 | 0.00 | 0.00 | 0.00 | OBLAL
14325 | 0.00 | 0.00 | 0.00 | OBLAL
14327 | 0.00 | 0.00 | 0.00 | OBLAL
14329 | 0.00 | 0.00 | 0.00 | OBLAL
14330 | 0.00 | 0.00 | 0.00 | OBLAL
14332 | 0.00 | 0.00 | 0.00 | OBLAL
14333 | 0.00 | 0.00 | 0.00 | OBLAL
14334 | 0.00 | 0.00 | 0.00 | OBLAL
14336 | 0.00 | 0.00 | 0.00 | OBLAL
14337 | 0.00 | 0.00 | 0.00 | OBLAL
14338 | 0.00 | 0.00 | 0.00 | OBLAL
14340 | 0.00 | 0.00 | 0.00 | OBLAL
14341 | 0.00 | 0.00 | 0.00 | OBLAL
14343 | 0.00 | 0.00 | 0.00 | OBLAL
14345 | 0.00 | 0.00 | 0.00 | OBLAL
14346 | 0.00 | 0.00 | 0.00 | OBLAL
14348 | 0.00 | 0.00 | 0.00 | BRAK_MATURY
14349 | 0.00 | 0.00 | 0.00 | OBLAL
14351 | 0.00 | 0.00 | 0.00 | OBLAL
14352 | 0.00 | 0.00 | 0.00 | OBLAL
14354 | 0.00 | 0.00 | 0.00 | OBLAL
14355 | 0.00 | 0.00 | 0.00 | OBLAL
14357 | 0.00 | 0.00 | 0.00 | OBLAL
14358 | 0.00 | 0.00 | 0.00 | OBLAL
14360 | 0.00 | 0.00 | 0.00 | OBLAL
14361 | 0.00 | 0.00 | 0.00 | OBLAL
14362 | 0.00 | 0.00 | 0.00 | OBLAL
14364 | 0.00 | 0.00 | 0.00 | OBLAL
14365 | 0.00 | 0.00 | 0.00 | OBLAL
14367 | 0.00 | 0.00 | 0.00 | OBLAL
14369 | 0.00 | 0.00 | 0.00 | OBLAL
14370 | 0.00 | 0.00 | 0.00 | OBLAL
14372 | 0.00 | 0.00 | 0.00 | OBLAL
14373 | 0.00 | 0.00 | 0.00 | OBLAL
14374 | 0.00 | 0.00 | 0.00 | OBLAL
14375 | 0.00 | 0.00 | 0.00 | OBLAL
14377 | 0.00 | 0.00 | 0.00 | OBLAL
14378 | 0.00 | 0.00 | 0.00 | OBLAL
14380 | 0.00 | 0.00 | 0.00 | OBLAL
14381 | 0.00 | 0.00 | 0.00 | OBLAL
14383 | 0.00 | 0.00 | 0.00 | BRAK_MATURY
14385 | 0.00 | 0.00 | 0.00 | OBLAL
14386 | 0.00 | 0.00 | 0.00 | OBLAL
14388 | 0.00 | 0.00 | 0.00 | OBLAL
14389 | 0.00 | 0.00 | 0.00 | OBLAL
14391 | 0.00 | 0.00 | 0.00 | OBLAL
14392 | 0.00 | 0.00 | 0.00 | OBLAL
14394 | 0.00 | 0.00 | 0.00 | OBLAL
14395 | 0.00 | 0.00 | 0.00 | OBLAL
14397 | 0.00 | 0.00 | 0.00 | OBLAL
14398 | 0.00 | 0.00 | 0.00 | OBLAL
14400 | 0.00 | 0.00 | 0.00 | OBLAL
14401 | 0.00 | 0.00 | 0.00 | OBLAL
14403 | 0.00 | 0.00 | 0.00 | OBLAL
14404 | 0.00 | 0.00 | 0.00 | OBLAL
14406 | 0.00 | 0.00 | 0.00 | OBLAL
14407 | 0.00 | 0.00 | 0.00 | OBLAL
14409 | 0.00 | 0.00 | 0.00 | OBLAL
14410 | 0.00 | 0.00 | 0.00 | OBLAL
14413 | 0.00 | 0.00 | 0.00 | OBLAL
14415 | 0.00 | 0.00 | 0.00 | OBLAL
14416 | 0.00 | 0.00 | 0.00 | OBLAL
14418 | 0.00 | 0.00 | 0.00 | OBLAL
14419 | 0.00 | 0.00 | 0.00 | OBLAL
14421 | 0.00 | 0.00 | 0.00 | OBLAL
14422 | 0.00 | 0.00 | 0.00 | OBLAL
14424 | 0.00 | 0.00 | 0.00 | OBLAL
14425 | 0.00 | 0.00 | 0.00 | OBLAL
14427 | 0.00 | 0.00 | 0.00 | OBLAL
14428 | 0.00 | 0.00 | 0.00 | OBLAL
14429 | 0.00 | 0.00 | 0.00 | OBLAL
14430 | 0.00 | 0.00 | 0.00 | OBLAL
14431 | 0.00 | 0.00 | 0.00 | OBLAL
14433 | 0.00 | 0.00 | 0.00 | OBLAL
14434 | 0.00 | 0.00 | 0.00 | OBLAL
14436 | 0.00 | 0.00 | 0.00 | OBLAL
14437 | 0.00 | 0.00 | 0.00 | OBLAL
14439 | 0.00 | 0.00 | 0.00 | OBLAL
14440 | 0.00 | 0.00 | 0.00 | OBLAL
14441 | 0.00 | 0.00 | 0.00 | OBLAL
14443 | 0.00 | 0.00 | 0.00 | OBLAL
14444 | 0.00 | 0.00 | 0.00 | OBLAL
14446 | 0.00 | 0.00 | 0.00 | OBLAL
14447 | 0.00 | 0.00 | 0.00 | OBLAL
14449 | 0.00 | 0.00 | 0.00 | OBLAL
14450 | 0.00 | 0.00 | 0.00 | OBLAL
14452 | 0.00 | 0.00 | 0.00 | OBLAL
14454 | 0.00 | 0.00 | 0.00 | OBLAL
14455 | 0.00 | 0.00 | 0.00 | OBLAL
14456 | 0.00 | 0.00 | 0.00 | OBLAL
14458 | 0.00 | 0.00 | 0.00 | OBLAL
14460 | 0.00 | 0.00 | 0.00 | OBLAL
14462 | 0.00 | 0.00 | 0.00 | OBLAL
14463 | 0.00 | 0.00 | 0.00 | OBLAL
14465 | 0.00 | 0.00 | 0.00 | OBLAL
14466 | 0.00 | 0.00 | 0.00 | OBLAL
14467 | 0.00 | 0.00 | 0.00 | OBLAL
14469 | 0.00 | 0.00 | 0.00 | OBLAL
14470 | 0.00 | 0.00 | 0.00 | OBLAL
14472 | 0.00 | 0.00 | 0.00 | OBLAL
14473 | 0.00 | 0.00 | 0.00 | OBLAL
14475 | 0.00 | 0.00 | 0.00 | OBLAL
14476 | 0.00 | 0.00 | 0.00 | OBLAL
14478 | 0.00 | 0.00 | 0.00 | OBLAL
14479 | 0.00 | 0.00 | 0.00 | OBLAL
14481 | 0.00 | 0.00 | 0.00 | OBLAL
14482 | 0.00 | 0.00 | 0.00 | OBLAL
14484 | 0.00 | 0.00 | 0.00 | OBLAL
14485 | 0.00 | 0.00 | 0.00 | OBLAL
14487 | 0.00 | 0.00 | 0.00 | OBLAL
14488 | 0.00 | 0.00 | 0.00 | OBLAL
14490 | 0.00 | 0.00 | 0.00 | OBLAL
14491 | 0.00 | 0.00 | 0.00 | OBLAL
14493 | 0.00 | 0.00 | 0.00 | OBLAL
14494 | 0.00 | 0.00 | 0.00 | OBLAL
14495 | 0.00 | 0.00 | 0.00 | OBLAL
14497 | 0.00 | 0.00 | 0.00 | OBLAL
14499 | 0.00 | 0.00 | 0.00 | OBLAL
14500 | 0.00 | 0.00 | 0.00 | OBLAL
14502 | 0.00 | 0.00 | 0.00 | OBLAL
14503 | 0.00 | 0.00 | 0.00 | OBLAL
14505 | 0.00 | 0.00 | 0.00 | OBLAL
14506 | 0.00 | 0.00 | 0.00 | OBLAL
14508 | 0.00 | 0.00 | 0.00 | OBLAL
14510 | 0.00 | 0.00 | 0.00 | OBLAL
14511 | 0.00 | 0.00 | 0.00 | OBLAL
14512 | 0.00 | 0.00 | 0.00 | OBLAL
14514 | 0.00 | 0.00 | 0.00 | OBLAL
14515 | 0.00 | 0.00 | 0.00 | OBLAL
14517 | 0.00 | 0.00 | 0.00 | OBLAL
14518 | 0.00 | 0.00 | 0.00 | OBLAL
14520 | 0.00 | 0.00 | 0.00 | OBLAL
14521 | 0.00 | 0.00 | 0.00 | OBLAL
14523 | 0.00 | 0.00 | 0.00 | OBLAL
14524 | 0.00 | 0.00 | 0.00 | OBLAL
14526 | 0.00 | 0.00 | 0.00 | OBLAL
14527 | 0.00 | 0.00 | 0.00 | OBLAL
14528 | 0.00 | 0.00 | 0.00 | OBLAL
14530 | 0.00 | 0.00 | 0.00 | OBLAL
14531 | 0.00 | 0.00 | 0.00 | OBLAL
14533 | 0.00 | 0.00 | 0.00 | OBLAL
14534 | 0.00 | 0.00 | 0.00 | OBLAL
14536 | 0.00 | 0.00 | 0.00 | OBLAL
14537 | 0.00 | 0.00 | 0.00 | OBLAL
14538 | 0.00 | 0.00 | 0.00 | OBLAL
14540 | 0.00 | 0.00 | 0.00 | OBLAL
14541 | 0.00 | 0.00 | 0.00 | OBLAL
14543 | 0.00 | 0.00 | 0.00 | OBLAL
14544 | 0.00 | 0.00 | 0.00 | OBLAL
14546 | 0.00 | 0.00 | 0.00 | OBLAL
14547 | 0.00 | 0.00 | 0.00 | OBLAL
14549 | 0.00 | 0.00 | 0.00 | OBLAL
14550 | 0.00 | 0.00 | 0.00 | OBLAL
14552 | 0.00 | 0.00 | 0.00 | OBLAL
14553 | 0.00 | 0.00 | 0.00 | OBLAL
14555 | 0.00 | 0.00 | 0.00 | OBLAL
14556 | 0.00 | 0.00 | 0.00 | OBLAL
14557 | 0.00 | 0.00 | 0.00 | OBLAL
14559 | 0.00 | 0.00 | 0.00 | OBLAL
14560 | 0.00 | 0.00 | 0.00 | OBLAL
14562 | 0.00 | 0.00 | 0.00 | OBLAL
14563 | 0.00 | 0.00 | 0.00 | OBLAL
14565 | 0.00 | 0.00 | 0.00 | OBLAL
14566 | 0.00 | 0.00 | 0.00 | OBLAL
14568 | 0.00 | 0.00 | 0.00 | OBLAL
14569 | 0.00 | 0.00 | 0.00 | OBLAL
14570 | 0.00 | 0.00 | 0.00 | OBLAL
14572 | 0.00 | 0.00 | 0.00 | OBLAL
14573 | 0.00 | 0.00 | 0.00 | OBLAL
14575 | 0.00 | 0.00 | 0.00 | OBLAL
14576 | 0.00 | 0.00 | 0.00 | OBLAL
14578 | 0.00 | 0.00 | 0.00 | OBLAL
14579 | 0.00 | 0.00 | 0.00 | OBLAL
14581 | 0.00 | 0.00 | 0.00 | OBLAL
14582 | 0.00 | 0.00 | 0.00 | OBLAL
14584 | 0.00 | 0.00 | 0.00 | OBLAL
14585 | 0.00 | 0.00 | 0.00 | OBLAL
14587 | 0.00 | 0.00 | 0.00 | OBLAL
14588 | 0.00 | 0.00 | 0.00 | OBLAL
14590 | 0.00 | 0.00 | 0.00 | OBLAL
14591 | 0.00 | 0.00 | 0.00 | OBLAL
14592 | 0.00 | 0.00 | 0.00 | OBLAL
14593 | 0.00 | 0.00 | 0.00 | OBLAL
14594 | 0.00 | 0.00 | 0.00 | BRAK_MATURY
14595 | 0.00 | 0.00 | 0.00 | OBLAL
14597 | 0.00 | 0.00 | 0.00 | OBLAL
14598 | 0.00 | 0.00 | 0.00 | OBLAL
14599 | 0.00 | 0.00 | 0.00 | BRAK_MATURY
14601 | 0.00 | 0.00 | 0.00 | OBLAL
14602 | 0.00 | 0.00 | 0.00 | OBLAL
14604 | 0.00 | 0.00 | 0.00 | OBLAL
14606 | 0.00 | 0.00 | 0.00 | OBLAL
14607 | 0.00 | 0.00 | 0.00 | OBLAL
14609 | 0.00 | 0.00 | 0.00 | OBLAL
14610 | 0.00 | 0.00 | 0.00 | OBLAL
14611 | 0.00 | 0.00 | 0.00 | OBLAL
14612 | 0.00 | 0.00 | 0.00 | OBLAL
14613 | 0.00 | 0.00 | 0.00 | OBLAL
14615 | 0.00 | 0.00 | 0.00 | OBLAL
14616 | 0.00 | 0.00 | 0.00 | OBLAL
14617 | 0.00 | 0.00 | 0.00 | OBLAL
14619 | 0.00 | 0.00 | 0.00 | OBLAL
14622 | 0.00 | 0.00 | 0.00 | OBLAL
14624 | 0.00 | 0.00 | 0.00 | OBLAL
14625 | 0.00 | 0.00 | 0.00 | OBLAL
14626 | 0.00 | 0.00 | 0.00 | OBLAL
14628 | 0.00 | 0.00 | 0.00 | OBLAL
14629 | 0.00 | 0.00 | 0.00 | OBLAL
14631 | 0.00 | 0.00 | 0.00 | OBLAL
14632 | 0.00 | 0.00 | 0.00 | OBLAL
14633 | 0.00 | 0.00 | 0.00 | OBLAL
14635 | 0.00 | 0.00 | 0.00 | OBLAL
14638 | 0.00 | 0.00 | 0.00 | OBLAL
14639 | 0.00 | 0.00 | 0.00 | OBLAL
14641 | 0.00 | 0.00 | 0.00 | OBLAL
14642 | 0.00 | 0.00 | 0.00 | OBLAL
14644 | 0.00 | 0.00 | 0.00 | OBLAL
14645 | 0.00 | 0.00 | 0.00 | OBLAL
14646 | 0.00 | 0.00 | 0.00 | OBLAL
14648 | 0.00 | 0.00 | 0.00 | OBLAL
14649 | 0.00 | 0.00 | 0.00 | OBLAL
14651 | 0.00 | 0.00 | 0.00 | OBLAL
14653 | 0.00 | 0.00 | 0.00 | OBLAL
14654 | 0.00 | 0.00 | 0.00 | OBLAL
14655 | 0.00 | 0.00 | 0.00 | OBLAL
14657 | 0.00 | 0.00 | 0.00 | OBLAL
14658 | 0.00 | 0.00 | 0.00 | OBLAL
14660 | 0.00 | 0.00 | 0.00 | OBLAL
14661 | 0.00 | 0.00 | 0.00 | OBLAL
14663 | 0.00 | 0.00 | 0.00 | OBLAL
14664 | 0.00 | 0.00 | 0.00 | OBLAL
14665 | 0.00 | 0.00 | 0.00 | OBLAL
14667 | 0.00 | 0.00 | 0.00 | OBLAL
14669 | 0.00 | 0.00 | 0.00 | OBLAL
14670 | 0.00 | 0.00 | 0.00 | OBLAL
14672 | 0.00 | 0.00 | 0.00 | OBLAL
14674 | 0.00 | 0.00 | 0.00 | OBLAL
14675 | 0.00 | 0.00 | 0.00 | OBLAL
14676 | 0.00 | 0.00 | 0.00 | OBLAL
14678 | 0.00 | 0.00 | 0.00 | OBLAL
14679 | 0.00 | 0.00 | 0.00 | OBLAL
14681 | 0.00 | 0.00 | 0.00 | OBLAL
14683 | 0.00 | 0.00 | 0.00 | OBLAL
14684 | 0.00 | 0.00 | 0.00 | OBLAL
14685 | 0.00 | 0.00 | 0.00 | OBLAL
14687 | 0.00 | 0.00 | 0.00 | OBLAL
14688 | 0.00 | 0.00 | 0.00 | OBLAL
14689 | 0.00 | 0.00 | 0.00 | OBLAL
14690 | 0.00 | 0.00 | 0.00 | OBLAL
14691 | 0.00 | 0.00 | 0.00 | OBLAL
14693 | 0.00 | 0.00 | 0.00 | OBLAL
14694 | 0.00 | 0.00 | 0.00 | OBLAL
14695 | 0.00 | 0.00 | 0.00 | BRAK_MATURY
14697 | 0.00 | 0.00 | 0.00 | OBLAL
14698 | 0.00 | 0.00 | 0.00 | OBLAL
14701 | 0.00 | 0.00 | 0.00 | OBLAL
14702 | 0.00 | 0.00 | 0.00 | OBLAL
14704 | 0.00 | 0.00 | 0.00 | OBLAL
14705 | 0.00 | 0.00 | 0.00 | OBLAL
14707 | 0.00 | 0.00 | 0.00 | OBLAL
14708 | 0.00 | 0.00 | 0.00 | OBLAL
14710 | 0.00 | 0.00 | 0.00 | OBLAL
14711 | 0.00 | 0.00 | 0.00 | OBLAL
14713 | 0.00 | 0.00 | 0.00 | OBLAL
14714 | 0.00 | 0.00 | 0.00 | OBLAL
14716 | 0.00 | 0.00 | 0.00 | OBLAL
14717 | 0.00 | 0.00 | 0.00 | OBLAL
14718 | 0.00 | 0.00 | 0.00 | OBLAL
14720 | 0.00 | 0.00 | 0.00 | OBLAL
14721 | 0.00 | 0.00 | 0.00 | OBLAL
14723 | 0.00 | 0.00 | 0.00 | OBLAL
14724 | 0.00 | 0.00 | 0.00 | OBLAL
14725 | 0.00 | 0.00 | 0.00 | OBLAL
14727 | 0.00 | 0.00 | 0.00 | OBLAL
14728 | 0.00 | 0.00 | 0.00 | OBLAL
14730 | 0.00 | 0.00 | 0.00 | OBLAL
14731 | 0.00 | 0.00 | 0.00 | OBLAL
14732 | 0.00 | 0.00 | 0.00 | OBLAL
14734 | 0.00 | 0.00 | 0.00 | OBLAL
14735 | 0.00 | 0.00 | 0.00 | OBLAL
14737 | 0.00 | 0.00 | 0.00 | OBLAL
14738 | 0.00 | 0.00 | 0.00 | OBLAL
14739 | 0.00 | 0.00 | 0.00 | OBLAL
14741 | 0.00 | 0.00 | 0.00 | OBLAL
14743 | 0.00 | 0.00 | 0.00 | OBLAL
14744 | 0.00 | 0.00 | 0.00 | OBLAL
14746 | 0.00 | 0.00 | 0.00 | OBLAL
14747 | 0.00 | 0.00 | 0.00 | OBLAL
14748 | 0.00 | 0.00 | 0.00 | OBLAL
14752 | 0.00 | 0.00 | 0.00 | OBLAL
14753 | 0.00 | 0.00 | 0.00 | OBLAL
14754 | 0.00 | 0.00 | 0.00 | OBLAL
14756 | 0.00 | 0.00 | 0.00 | OBLAL
14757 | 0.00 | 0.00 | 0.00 | OBLAL
14759 | 0.00 | 0.00 | 0.00 | OBLAL
14760 | 0.00 | 0.00 | 0.00 | OBLAL
14763 | 0.00 | 0.00 | 0.00 | OBLAL
14764 | 0.00 | 0.00 | 0.00 | OBLAL
14766 | 0.00 | 0.00 | 0.00 | OBLAL
14767 | 0.00 | 0.00 | 0.00 | OBLAL
14769 | 0.00 | 0.00 | 0.00 | OBLAL
14770 | 0.00 | 0.00 | 0.00 | OBLAL
14772 | 0.00 | 0.00 | 0.00 | OBLAL
14773 | 0.00 | 0.00 | 0.00 | OBLAL
14775 | 0.00 | 0.00 | 0.00 | OBLAL
14776 | 0.00 | 0.00 | 0.00 | OBLAL
14778 | 0.00 | 0.00 | 0.00 | OBLAL
14781 | 0.00 | 0.00 | 0.00 | OBLAL
14782 | 0.00 | 0.00 | 0.00 | OBLAL
14784 | 0.00 | 0.00 | 0.00 | OBLAL
14785 | 0.00 | 0.00 | 0.00 | OBLAL
14786 | 0.00 | 0.00 | 0.00 | OBLAL
14788 | 0.00 | 0.00 | 0.00 | OBLAL
14789 | 0.00 | 0.00 | 0.00 | OBLAL
14791 | 0.00 | 0.00 | 0.00 | OBLAL
14792 | 0.00 | 0.00 | 0.00 | OBLAL
